planet_wl.csv
# %ECSV 1.0
# ---
# datatype:
# - {name: Wavelength, unit: um, datatype: float64}
# - {name: rp/rs, datatype: float64}
# schema: astropy-2.0
Wavelength rp/rs
3.8950360211953727 0.1553892825499838
3.890056222830004 0.15544905406296367
3.885062597520345 0.15547213959990194
3.880055145266397 0.15546650028628065
3.87503386606816 0.1554313567433515
3.869998759925632 0.1553881360114378
3.864949826838815 0.15537956817301432
3.859887066807708 0.15540942974943187
3.854810479832312 0.15540738216921357
3.849720065912626 0.15547864712695825
3.844615825048651 0.15556241306066482
3.8394977572403857 0.15559867195470597
3.834365862487831 0.15566327416307163
3.829220140790987 0.15576842976800015
3.824060592149853 0.15585603358330244
3.8188872165644296 0.15599212918345462
3.813700014034717 0.15611861593644655
3.808498984560714 0.15614997961235313
3.8032841281424217 0.1561322539334522
3.79805544477984 0.1561082749457885
3.792812934472968 0.15606613393165764
3.787556597221807 0.15606156659847967
3.7822864330263566 0.15606797781714735
3.777002441886616 0.15608703263162926
3.771704623802586 0.1560713173237043
3.766392978774266 0.15605770098490207
3.7610675068016577 0.15599437896609447
3.755728207884759 0.155948640155212
3.750375082023571 0.15595539452376855
3.745008129218093 0.15602444308090574
3.739627349468325 0.15608731132094658
3.734232742774268 0.15612800678190253
3.7288243091359217 0.15612771334215172
3.723402048553285 0.15608121714016682
3.7179659610263593 0.15606063772888473
3.712516046555144 0.156056579790806
3.707052305139639 0.1560854646513877
3.701574736779844 0.15609737089650774
3.69608334147576 0.15611063881050902
3.6905781192273857 0.1560756731459964
3.6850590700347214 0.15604217626274347
3.679526193897769 0.155994558783697
3.673979490816526 0.1559849714387194
3.668418960790994 0.15598883667976243
3.662844603821172 0.1560054165144031
3.657256419907061 0.15598533016798982
3.651654409048659 0.15602233140050337
3.6460385712459686 0.15607081958656813
3.640408906498988 0.15615504681397493
3.634765414807718 0.1562518601337517
3.629108096172159 0.15632809404715423
3.6234369505923096 0.15638147204497277
3.6177519780681706 0.15641455964711085
3.612053178599742 0.15637715084068068
3.606340552187024 0.1563177544534913
3.600614098830017 0.15625334790039316
3.5948738185287192 0.15616065260714526
3.589119711283133 0.15612550180531942
3.5833517770932564 0.15610938392636717
3.57757001595909 0.15607832988065062
3.5717744278806345 0.15611591575356562
3.565965012857889 0.1561494271304461
3.5601417708908545 0.15618650284253824
3.55430470197953 0.1562445411508479
3.5484538061239164 0.1562974027794061
3.542589083324013 0.1563181874632859
3.5367105335798192 0.15635053360123624
3.5308181568913364 0.1563040257805678
3.524911953258564 0.15623733683485808
3.518991922681502 0.15615654120357111
3.51305806516015 0.15610168160897114
3.507110380694509 0.15608299742249762
3.5011488692845782 0.1560998526346396
3.4951735309303578 0.1561446315652408
3.489184365631848 0.15616467702148012
3.483181373389048 0.15616976267327745
3.4771645542019587 0.1561809905794303
3.47113390807058 0.15621729676690319
3.4650894349949115 0.1562669810156637
3.4590311349749534 0.15633962724690276
3.4529590080107058 0.1564142305250932
3.446873054102168 0.156473460447674
3.440773273249341 0.15650400494807984
3.434659665452225 0.15655311975959246
3.428532230710819 0.156574004146485
3.422390969025124 0.15656995603864587
3.416235880395138 0.15657386013096472
3.4100669648208632 0.15655690320180263
3.4038842223022985 0.15653413550619846
3.397687652839444 0.15654853947613437
3.391477256432301 0.15655910220134153
3.3852530330808674 0.15658905248885152
3.379014982785145 0.15667897102603973
3.372763105545132 0.1567129612044511
3.3664974013608298 0.15678635185932416
3.360217870232238 0.15692971153694668
3.353924512159357 0.1571309442951954
3.347617327142186 0.1573949998269335
3.3412963151807253 0.15765956449671584
3.334961476274976 0.1578051412203148
3.328612810424936 0.15789520012511116
3.322250317630606 0.15789168087005376
3.315873997891987 0.1577061765134838
3.3094838512090785 0.15742726810048252
3.3030798775818804 0.1571090575481
3.2966620770103927 0.15687983497681687
3.290230449494615 0.1568392823297161
3.2837849950345483 0.1569118235555632
3.277325713630192 0.1569913785241715
3.270852605281545 0.15707289898001756
3.2643656699886097 0.15711710118338265
3.2578649077513844 0.15712789806410732
3.251350318569869 0.15709885876339555
3.2448219024440648 0.15702593034737894
3.2382796593739704 0.1569775332120947
3.2317235893595866 0.15693248026346235
3.225153692400913 0.15696923486710668
3.2185699684979503 0.15701562474973596
3.2119724176506974 0.15706461735520766
3.2053610398591554 0.1571173775073814
3.1987358351233235 0.15712893039019007
3.192096803443202 0.15712426005767854
3.185443944818791 0.15720500358284625
3.1787772592500905 0.15725979105000998
3.1720967467371004 0.15728767974699323
3.1654024072798204 0.1572850409800347
3.1586942408782512 0.15720675491330327
3.151972247532392 0.1571387841547051
3.1452364272422435 0.1571613380825577
3.138486780007805 0.15721007908228277
3.131723305829077 0.15722444061012777
3.1249460047060595 0.15724429456836678
3.118154876638753 0.15723529043617498
3.111349921627156 0.1572175635538762
3.10453113967127 0.15725417876126535
3.097698530771094 0.1572693856155997
3.0908520949266283 0.15721861979173904
3.083991832137873 0.15722741556791678
3.0771177424048286 0.1572844138203738
3.0702298257274943 0.15734978607391972
3.0633280821058704 0.15744570077311829
3.056412511539957 0.1574281239989939
3.049483114029754 0.15730585226635402
3.042539889575261 0.15722542777670093
3.0355828381764787 0.1571999901527942
3.028611959833407 0.15726279420718273
3.0216272545460456 0.15731651128155336
3.014628722314394 0.1573394230971345
3.0076163631384536 0.15727277149502358
3.000590177018223 0.15719366124507755
2.9935501639537034 0.15704242728962864
2.986496323944894 0.15692185329598454
2.9794286569917947 0.15678377401300397
2.972347163094406 0.15672447808021406
2.9652518422527274 0.156639991269512
2.95814269446676 0.15657405510050762
2.951019719736502 0.15662616979305916
2.943882918061955 0.15675884877175228
2.936732289443118 0.15686256105482976
2.929567833879992 0.15690325268388863
2.922389551372576 0.15689554256622684
2.91519744192087 0.15685528448418848
2.907991505524876 0.1569239507450472
2.9007717421845904 0.15699823567228613
2.893538151900016 0.1569545474575869
2.886290734671152 0.1568681341001964
2.8790294904979983 0.15681578931830398
2.871754419380556 0.15683203208152569
2.8644655213188224 0.15683756458861442
2.8571627963128 0.15683225906406342
2.849846244362488 0.15682862307316545
2.8425158654678864 0.15682496096815965
2.835171659628996 0.15686475437286287
2.8278136268458143 0.156953185991436
2.820441767118344 0.15703169379921175
2.813056080446584 0.1570532385289912
2.8056565668305344 0.1570687045047517
2.798243226270196 0.15701839344535498
2.790816058765566 0.15693962947269213
2.783375064316648 0.15686071756699127
2.77592024292344 0.15680645073184746
2.768451594585942 0.15679155070088088
2.760969119304155 0.1567927151225611
2.753472817078078 0.15684139068337957
2.745962687907712 0.156820318637813
2.7384387317930554 0.1567733454939289
2.73090094873411 0.15672737396252448
2.7233493387308747 0.1567283800693818
2.71578390178335 0.15673752989637485
2.7082046378915354 0.15682157147819717
2.700611547055431 0.15686455402609412
2.6930046292750376 0.15684088609197794
2.685383884550354 0.1566923384352161
2.6777493128813816 0.15648575540410697
2.6701009142681187 0.1562575397335943
2.6624386887105667 0.15594062951630375
2.654762636208725 0.15559863439559968
2.647072756762594 0.1552502745343328
2.639369050372173 0.15487255334179423
2.6316515170374624 0.1546166607687603
2.6239201567584622 0.1545629899692339
2.6161749695351726 0.1545828597996974
2.6084159553675934 0.15464414940701346
2.6006431142557243 0.1547649496830235
2.592856446199566 0.1548350701564313
2.585055951199118 0.15486343941293826
2.57724162925438 0.1549282411650752
2.5694134803653528 0.15496563209574565
2.561571504532036 0.1550053789238325
2.553715701754429 0.1550776023337893
2.5458460720325333 0.15511948431761016
2.5379626153663475 0.15517701018324687
2.530065331755872 0.155311061810552
2.522154221201107 0.15539509162842982
2.5142292837020523 0.15552413820544772
2.5062905192587084 0.15559215116522107
2.4983379278710744 0.15551474411725855
2.4903715095391514 0.155348388014674
2.4823912642629384 0.15514715455844913
2.474397192042436 0.1548998972030537
2.4663892928776434 0.15474937051865478
2.458367566768562 0.1546663017083188
2.4503320137151903 0.15464138350223722
2.4422826337175296 0.15465926459176282
2.434219426775579 0.15466063507707836
2.4261423928893384 0.15465573053059237
2.4180515320588087 0.15464726033510584
2.409946844283989 0.15460290924357795
2.4018283295648803 0.15465956821282026
2.3936959879014816 0.1547390278112387
2.385549819293794 0.15478907304237854
2.377389823741816 0.15477593507916113
2.3692160012455483 0.1547272735463693
2.3610283518049915 0.1546425286133517
2.3528268754201447 0.15463009135370773
2.344611572091009 0.154634636177555
2.336382441817583 0.1546563989464778
2.328139484599867 0.15464991445203582
2.319882700437862 0.1546548636964693
2.311612089331568 0.1546891741415132
2.303327651280984 0.1546899648909964
2.2950293862861093 0.15471444613607646
2.2867172943469463 0.1546760418168696
2.278391375463493 0.1545486683117839
2.2700516296357502 0.15443154814184665
2.261698056863718 0.15438427846157068
2.253330657147396 0.15436607444636175
2.244949430486785 0.15440862425277513
2.236554376881884 0.1544120577746291
2.2281454963326928 0.1543566706873788
2.2197227888392126 0.15433085383824552
2.211286254401443 0.15434086946897993
2.202835893019383 0.15431919458240864
2.194371704693034 0.15428998054794615
2.185893689422396 0.15433293885923316
2.1774018472074674 0.1543408825296872
2.168896178048249 0.15429176871822975
2.160376681944742 0.15422267760519626
2.151843358896945 0.15410451485189622
2.143296208904858 0.1540247020103042
2.134735231968482 0.1540366926989073
2.126160428087816 0.15405413761393266
2.11757179726286 0.15408702590905213
2.108969339493615 0.15410652664780877
2.1003530547800806 0.15410988922585403
2.091722943122256 0.15413076224647856
2.083079004520142 0.1541950090350495
2.074421238973738 0.1543300996227949
2.0657496464830456 0.15454736005813396
2.0570642270480626 0.15474050586541652
2.0483649806687905 0.15486005142265258
2.0396519073452284 0.15491196876138946
2.0309250070773768 0.15494165673497687
2.022184279865236 0.15496470239583174
2.013429725708805 0.15498406581946964
2.0046613446080848 0.15502353166356067
1.9958791365630744 0.15505255183080413
1.987083101573775 0.15504095889489333
1.9782732396401856 0.1550411600948948
1.969449550762307 0.15490754436682255
1.9606120349401384 0.1549265668708043
1.9517606921736808 0.1554165832869337
1.9517606921736808 0.1554165832869337
1.9433596137027163 0.15542484462468767
1.934958535231752 0.15543310552334794
1.9265574567607877 0.15544136598298447
1.9181563782898234 0.15544962600366727
1.9097552998188592 0.1554578855854663
1.901354221347895 0.15546614472845155
1.8929531428769306 0.1554744034326929
1.8845520644059663 0.15548266169826028
1.8761509859350018 0.1554909195252236
1.8677499074640376 0.1554991769136527
1.8593488289930733 0.1555074338636175
1.850947750522109 0.1555156903751878
1.8425466720511448 0.15552394644843343
1.8341455935801805 0.15553220208342416
1.8257445151092162 0.15554045728022983
1.817343436638252 0.15554871203892015
1.8089423581672874 0.15555696635956492
1.8005412796963232 0.15556522024223382
1.7921402012253589 0.15557347368699662
1.7837391227543946 0.15558172669392295
1.7753380442834303 0.1555899792630825
1.766936965812466 0.15559823139454493
1.7585358873415018 0.15560648308837988
1.7501348088705375 0.15561473434465697
1.7417337303995732 0.15562298516344578
1.7333326519286087 0.15563123554481592
1.7249315734576445 0.15563948548883694
1.7165304949866802 0.15564773499557835
1.708129416515716 0.15565598406510972
1.6997283380447517 0.15566423269750054
1.6913272595737874 0.15567248089282032
1.682926181102823 0.1556807286511385
1.6745251026318586 0.15568897597252454
1.6661240241608946 0.15569722285704785
1.65772294568993 0.1557054693047779
1.6493218672189658 0.15571371531578404
1.6409207887480015 0.15572196089013568
1.6325197102770372 0.15573020602790216
1.624118631806073 0.15573845072915282
1.6157175533351087 0.155746694993957
1.6073164748641444 0.15575493882238398
1.59891539639318 0.15576318221450305
1.5905143179222159 0.1557714251703835
1.5821132394512514 0.15577966769009458
1.573712160980287 0.1557879097737055
1.5653110825093228 0.15579615142128547
1.5569100040383586 0.1558043926329037
1.5485089255673943 0.15581263340862936
1.5401078470964298 0.15582087374853162
1.5317067686254657 0.1558291136526796
1.5233056901545012 0.15583735312114244
1.5149046116835372 0.15584559215398922
1.5065035332125727 0.15585383075128906
1.4981024547416084 0.155862068913111
1.4897013762706441 0.1558703066395241
1.4813002977996799 0.15587854393059736
1.4728992193287156 0.15588678078639986
1.464498140857751 0.15589501720700052
1.456097062386787 0.15590325319246837
1.4476959839158225 0.1559114887428723
1.4392949054448585 0.15591972385828134
1.430893826973894 0.15592795853876434
1.4224927485029297 0.15593619278439025
1.4140916700319655 0.15594442659522792
1.4056905915610012 0.15595265997134622
1.397289513090037 0.15596089291281404
1.3888884346190724 0.15596912541970012
1.3804873561481084 0.15597735749207337
1.3720862776771439 0.15598558913000252
1.3636851992061798 0.15599382033355638
1.3552841207352153 0.15600205110280368
1.346883042264251 0.1560102814378132
1.3384819637932868 0.15601851133865363
1.3300808853223225 0.15602674080539367
1.3216798068513582 0.156034969838102
1.3132787283803937 0.15604319843684733
1.3048776499094297 0.15605142660169827
1.2964765714384652 0.15605965433272342
1.288075492967501 0.15606788162999147
1.2796744144965366 0.15607610849357098
1.2712733360255724 0.1560843349235305
1.262872257554608 0.15609256091993862
1.2544711790836436 0.15610078648286388
1.2460701006126795 0.15610901161237478
1.237669022141715 0.15611723630853983
1.229267943670751 0.15612546057142754
1.2208668651997865 0.15613368440110637
1.2124657867288222 0.15614190779764475
1.204064708257858 0.15615013076111112
1.1956636297868937 0.15615835329157388
1.1872625513159294 0.15616657538910148
1.1788614728449651 0.15617479705376222
1.1704603943740008 0.15618301828562453
1.1620593159030363 0.1561912390847567
1.153658237432072 0.1561994594512271
1.1452571589611078 0.156207679385104
1.1368560804901435 0.1562158988864557
1.1284550020191793 0.15622411795535046
1.120053923548215 0.15623233659185656
1.1116528450772507 0.1562405547960422
1.1032517666062862 0.15624877256797565
1.0948506881353222 0.15625698990772505
1.0864496096643577 0.15626520681535858
1.0780485311933934 0.15627342329094446
1.0696474527224291 0.15628163933455075
1.0612463742514648 0.15628985494624567
1.0528452957805006 0.15629807012609725
1.0444442173095363 0.15630628487417364
1.036043138838572 0.15631449919054288
1.0276420603676075 0.15632271307527304
1.0192409818966435 0.15633092652843214
1.010839903425679 0.15633913955008819
1.0024388249547147 0.15634735214030923
0.9940377464837504 0.15635556429916322
0.9856366680127862 0.15636377602671814
0.9772355895418219 0.15637198732304192
0.9688345110708576 0.15638019818820248
0.9604334325998933 0.15638840862226774
0.952032354128929 0.15639661862530566
0.9436312756579647 0.156404828197384
0.9352301971870003 0.1564130373385707
0.926829118716036 0.1564212460489336
0.9184280402450717 0.15642945432854047
0.9100269617741075 0.15643766217745914
0.9016258833031432 0.15644586959575743
0.8932248048321789 0.15645407658350308
0.8848237263612145 0.15646228314076382
0.8764226478902503 0.15647048926760745
0.868021569419286 0.15647869496410163
0.8596204909483216 0.15648690023031409
0.8512194124773573 0.15649510506631248
0.842818334006393 0.15650330947216448
0.8344172555354288 0.15651151344793773
0.8260161770644645 0.15651971699369988
0.8176150985935001 0.1565279201095185
0.8092140201225358 0.15653612279546122
0.8008129416515716 0.1565443250515956
0.7924118631806073 0.15655252687798918
0.7840107847096429 0.15656072827470954
0.7756097062386786 0.15656892924182417
0.7672086277677144 0.15657712977940055
0.7588075492967501 0.15658532988750623
0.7504064708257857 0.15659352956620864
0.7420053923548214 0.15660172881557524
0.7336043138838572 0.15660992763567344
0.7252032354128929 0.1566181260265707
0.7168021569419285 0.15662632398833437
0.7084010784709642 0.15663452152103186
0.7 0.15664271862473053
0.7 0.15664271862473053